A=[1 2;-1 1;];
B=[2 0; 0 2;];
C= [2 0 -3;0 0 -1;];
D=[1 2;2 3;-1 0;];
x=[1;0;];
y=[0;1;];
z=[1;2;-1;]